STANDARD

Gerações: 1000
População: 100
Taxa de mutação: 1%

instância: kqbf020
time: 1.633 seg
(Gen. 18) BestSol = Solution: cost=[120.0], weight=[54.0], size=[7], elements=[2, 3, 4, 11, 14, 15, 16]

instância: kqbf040
time: 3.989 seg
(Gen. 24) BestSol = Solution: cost=[298.0], weight=[134.0], size=[18], elements=[3, 4, 6, 9, 11, 14, 15, 17, 20, 21, 22, 24, 29, 31, 32, 33, 34, 36]

instância: kqbf060
time: 7.739 seg
(Gen. 196) BestSol = Solution: cost=[491.0], weight=[212.0], size=[24], elements=[2, 3, 4, 6, 8, 11, 17, 19, 21, 22, 23, 26, 27, 28, 30, 32, 38, 39, 44, 45, 51, 55, 56, 57]

instância: kqbf080
time: 15.617 seg
(Gen. 774) BestSol = Solution: cost=[767.0], weight=[287.0], size=[32], elements=[1, 2, 3, 4, 7, 11, 13, 15, 20, 23, 24, 31, 32, 34, 36, 44, 47, 49, 50, 51, 53, 54, 55, 61, 64, 68, 69, 71, 73, 74, 75, 76]

instância: kqbf100
time: 24.267 seg
(Gen. 501) BestSol = Solution: cost=[1196.0], weight=[345.0], size=[41], elements=[2, 7, 9, 10, 11, 14, 15, 16, 17, 20, 21, 22, 23, 24, 25, 28, 30, 31, 38, 44, 45, 50, 51, 62, 63, 68, 69, 71, 72, 74, 75, 77, 79, 81, 85, 88, 90, 92, 95, 96, 98]

instância: kqbf200
time: 108.538 seg
(Gen. 822) BestSol = Solution: cost=[3803.0], weight=[680.0], size=[84], elements=[1, 4, 6, 7, 8, 9, 11, 12, 16, 17, 21, 23, 25, 28, 30, 31, 32, 34, 36, 47, 48, 49, 50, 51, 53, 54, 56, 63, 67, 68, 69, 72, 77, 80, 81, 83, 84, 85, 86, 87, 90, 99, 100, 101, 106, 108, 110, 111, 117, 118, 119, 124, 125, 126, 131, 132, 134, 138, 141, 147, 148, 150, 154, 155, 157, 160, 161, 162, 164, 165, 167, 171, 172, 174, 175, 179, 180, 181, 184, 185, 192, 193, 195, 196]

instância: kqbf400
time: 633.251 seg
maxVal = Solution: cost=[8481.0], weight=[1344.0], size=[168], elements=[2, 3, 4, 5, 6, 7, 9, 10, 11, 15, 16, 17, 18, 20, 21, 23, 24, 25, 28, 30, 32, 44, 47, 48, 49, 50, 51, 53, 54, 56, 57, 62, 63, 65, 70, 73, 75, 76, 77, 82, 85, 86, 87, 89, 92, 93, 94, 95, 97, 99, 100, 101, 103, 104, 108, 110, 113, 114, 119, 121, 122, 125, 126, 129, 132, 134, 138, 139, 140, 141, 144, 147, 148, 151, 154, 155, 156, 157, 158, 164, 165, 166, 172, 174, 175, 177, 181, 184, 189, 192, 193, 195, 196, 198, 208, 209, 211, 212, 215, 216, 218, 221, 223, 230, 233, 234, 237, 239, 241, 244, 245, 249, 253, 260, 263, 266, 269, 273, 274, 275, 276, 288, 291, 296, 299, 301, 303, 304, 306, 307, 308, 309, 312, 316, 317, 319, 320, 323, 324, 325, 327, 328, 331, 332, 335, 336, 339, 348, 349, 351, 354, 357, 361, 363, 364, 368, 370, 373, 376, 378, 380, 383, 384, 387, 388, 389, 393, 397]

STANDARD + POP (400)

Gerações: 1000
População: 400
Taxa de mutação: 1%

instância: kqbf020
time: 4.449 seg
(Gen. 7) BestSol = Solution: cost=[120.0], weight=[54.0], size=[7], elements=[2, 3, 4, 11, 14, 15, 16]

instância: kqbf040
time: 14.12 seg
(Gen. 19) BestSol = Solution: cost=[308.0], weight=[137.0], size=[17], elements=[3, 4, 7, 9, 11, 12, 14, 15, 17, 19, 21, 24, 31, 32, 33, 34, 36]

instância: kqbf060
time: 28.387 seg
(Gen. 205) BestSol = Solution: cost=[481.0], weight=[217.0], size=[23], elements=[2, 3, 4, 6, 8, 17, 19, 21, 23, 26, 27, 28, 30, 32, 35, 38, 42, 44, 45, 51, 55, 56, 59]

instância: kqbf080
time: 60.356 seg
(Gen. 269) BestSol = Solution: cost=[794.0], weight=[284.0], size=[32], elements=[1, 2, 3, 4, 6, 7, 9, 11, 12, 13, 14, 18, 20, 23, 24, 31, 32, 34, 36, 42, 44, 49, 50, 53, 54, 58, 69, 70, 71, 74, 75, 76]

instância: kqbf100
time: 98.034 seg
(Gen. 160) BestSol = Solution: cost=[1188.0], weight=[345.0], size=[41], elements=[2, 6, 7, 9, 10, 11, 14, 16, 17, 20, 21, 22, 23, 24, 25, 28, 33, 38, 44, 45, 50, 51, 57, 62, 63, 64, 67, 68, 69, 71, 72, 74, 75, 79, 85, 90, 91, 92, 93, 95, 96]

instância: kqbf200
time: 451.807 seg
(Gen. 804) BestSol = Solution: cost=[4012.0], weight=[680.0], size=[81], elements=[4, 6, 7, 9, 11, 13, 16, 17, 21, 23, 28, 30, 31, 32, 34, 44, 45, 48, 49, 51, 53, 54, 56, 61, 66, 67, 68, 69, 70, 72, 77, 81, 83, 84, 85, 86, 87, 90, 92, 95, 99, 100, 101, 106, 108, 110, 111, 117, 118, 119, 121, 124, 126, 127, 131, 134, 137, 138, 140, 141, 145, 147, 148, 154, 155, 157, 162, 165, 167, 171, 172, 174, 175, 179, 181, 184, 192, 193, 195, 196, 198]

instância: kqbf400
time: 1802.027 seg
(Gen. 592) BestSol = Solution: cost=[9048.0], weight=[1333.0], size=[168], elements=[0, 1, 3, 4, 5, 6, 7, 8, 10, 11, 15, 16, 17, 18, 20, 21, 24, 28, 30, 32, 34, 44, 47, 49, 50, 51, 53, 56, 61, 63, 67, 69, 70, 76, 77, 78, 80, 81, 82, 83, 84, 85, 86, 88, 92, 94, 95, 96, 97, 99, 100, 101, 108, 110, 111, 117, 119, 120, 121, 123, 124, 125, 126, 131, 132, 135, 136, 139, 147, 148, 150, 151, 154, 155, 157, 158, 160, 161, 162, 163, 165, 166, 170, 171, 172, 174, 177, 178, 183, 184, 190, 195, 196, 197, 199, 205, 206, 208, 209, 210, 211, 212, 215, 216, 218, 229, 230, 231, 233, 234, 236, 244, 245, 250, 251, 253, 260, 264, 265, 272, 273, 275, 276, 285, 288, 289, 290, 291, 296, 299, 301, 304, 306, 307, 309, 312, 316, 320, 323, 325, 327, 328, 331, 332, 336, 339, 349, 351, 352, 356, 357, 358, 361, 363, 366, 368, 370, 371, 375, 377, 378, 383, 386, 387, 388, 389, 397, 398]


STANDARD + MUT (10%)

Gerações: 1000
População: 100
Taxa de mutação: 10%

instância: kqbf020
time: 1.748 seg
(Gen. 14) BestSol = Solution: cost=[120.0], weight=[56.0], size=[8], elements=[2, 3, 4, 6, 11, 14, 15, 16]

instância: kqbf040
time: 5.982 seg
maxVal = Solution: cost=[285.0], weight=[136.0], size=[16], elements=[0, 3, 4, 7, 9, 11, 15, 17, 21, 22, 23, 31, 32, 33, 34, 36]

instância: kqbf060
time: 14.145 seg
(Gen. 45) BestSol = Solution: cost=[368.0], weight=[220.0], size=[23], elements=[2, 3, 4, 7, 8, 17, 19, 21, 22, 24, 26, 27, 28, 30, 32, 35, 39, 44, 45, 49, 55, 56, 59]

instância: kqbf080
time: 37.393 seg
(Gen. 379) BestSol = Solution: cost=[528.0], weight=[284.0], size=[29], elements=[0, 1, 2, 3, 4, 7, 9, 11, 14, 18, 19, 24, 32, 42, 43, 44, 47, 49, 51, 52, 55, 61, 62, 64, 69, 71, 73, 74, 76]

instância: kqbf100
time: 60.072 seg
(Gen. 455) BestSol = Solution: cost=[739.0], weight=[322.0], size=[37], elements=[2, 6, 7, 10, 11, 14, 17, 20, 22, 23, 24, 30, 31, 38, 40, 43, 44, 50, 51, 54, 56, 57, 62, 64, 69, 70, 71, 72, 74, 75, 77, 81, 88, 89, 90, 95, 96]

instância: kqbf200
time: 404.46 seg
(Gen. 630) BestSol = Solution: cost=[2168.0], weight=[680.0], size=[78], elements=[1, 4, 6, 7, 11, 17, 19, 20, 21, 23, 25, 30, 32, 34, 37, 38, 43, 44, 47, 49, 50, 51, 52, 53, 55, 56, 63, 67, 68, 69, 76, 77, 81, 84, 85, 87, 88, 91, 93, 100, 103, 106, 107, 109, 110, 111, 114, 117, 118, 119, 120, 121, 123, 125, 127, 131, 132, 134, 139, 145, 147, 154, 157, 159, 164, 166, 171, 174, 177, 178, 179, 182, 183, 184, 192, 195, 196, 199]

instância: kqbf400
time: Time = 1800.888 seg
(Gen. 156) BestSol = Solution: cost=[3259.0], weight=[1322.0], size=[158], elements=[1, 2, 3, 5, 6, 9, 10, 17, 21, 23, 25, 27, 28, 30, 32, 34, 36, 45, 49, 50, 51, 53, 55, 56, 59, 63, 65, 66, 70, 78, 82, 83, 84, 91, 93, 94, 96, 100, 101, 104, 105, 108, 109, 110, 114, 120, 121, 122, 124, 125, 127, 128, 134, 136, 143, 144, 145, 149, 153, 154, 157, 159, 160, 162, 163, 165, 168, 169, 170, 171, 173, 175, 177, 180, 181, 182, 183, 193, 199, 202, 204, 205, 206, 209, 212, 215, 217, 221, 222, 223, 225, 228, 233, 235, 238, 239, 241, 251, 253, 260, 263, 265, 266, 272, 273, 274, 275, 279, 281, 284, 286, 288, 290, 291, 293, 294, 297, 300, 301, 302, 303, 305, 306, 307, 310, 312, 313, 316, 317, 318, 319, 320, 321, 327, 328, 329, 335, 339, 342, 343, 344, 348, 349, 352, 354, 360, 361, 364, 365, 367, 370, 376, 380, 382, 388, 390, 396, 399]

STANDARD + EVOL 1 (UNIFORM CROSSOVER)

Gerações: 1000
População: 100
Taxa de mutação: 1%

instância: kqbf020
time: 1.482 seg
(Gen. 8) BestSol = Solution: cost=[120.0], weight=[54.0], size=[7], elements=[2, 3, 4, 11, 14, 15, 16]

instância: kqbf040
time: 3.958 seg
(Gen. 28) BestSol = Solution: cost=[307.0], weight=[132.0], size=[15], elements=[4, 6, 7, 9, 11, 12, 15, 21, 24, 29, 31, 32, 33, 34, 36]

instância: kqbf060
time: 7.906 seg
(Gen. 414) BestSol = Solution: cost=[476.0], weight=[221.0], size=[23], elements=[3, 4, 8, 14, 17, 19, 23, 24, 26, 27, 28, 32, 35, 38, 42, 44, 49, 50, 51, 52, 53, 56, 59]

instância: kqbf080
time: 16.375 seg
(Gen. 373) BestSol = Solution: cost=[775.0], weight=[288.0], size=[32], elements=[1, 2, 3, 4, 9, 12, 13, 14, 18, 20, 23, 24, 32, 34, 36, 42, 44, 47, 49, 51, 53, 55, 58, 62, 64, 69, 70, 71, 73, 74, 75, 76]

instância: kqbf100
time: 27.959 seg
(Gen. 58) BestSol = Solution: cost=[1151.0], weight=[345.0], size=[41], elements=[2, 3, 7, 9, 10, 14, 15, 16, 17, 20, 21, 22, 23, 24, 28, 30, 31, 38, 39, 44, 45, 50, 51, 62, 63, 64, 67, 68, 69, 71, 72, 74, 75, 79, 81, 88, 89, 90, 91, 95, 96]

instância: kqbf200
time: 126.248 seg
(Gen. 598) BestSol = Solution: cost=[3961.0], weight=[680.0], size=[86], elements=[4, 6, 7, 8, 9, 11, 12, 15, 16, 17, 21, 23, 24, 25, 26, 30, 31, 32, 34, 44, 48, 49, 50, 51, 53, 54, 56, 63, 67, 68, 69, 70, 77, 81, 82, 83, 84, 85, 87, 90, 92, 95, 99, 100, 101, 104, 106, 108, 111, 113, 117, 118, 119, 121, 122, 123, 124, 126, 127, 129, 131, 134, 138, 140, 141, 147, 148, 154, 155, 157, 158, 162, 165, 167, 172, 174, 175, 177, 179, 180, 181, 184, 185, 192, 195, 196]

instância: kqbf400
time: Time = 734.67 seg
(Gen. 901) BestSol = Solution: cost=[9143.0], weight=[1333.0], size=[166], elements=[0, 4, 5, 6, 7, 9, 10, 11, 13, 15, 16, 17, 18, 20, 23, 28, 30, 32, 38, 43, 44, 47, 49, 51, 53, 56, 58, 61, 63, 67, 69, 70, 75, 76, 80, 82, 84, 85, 87, 88, 89, 90, 92, 93, 94, 95, 97, 99, 100, 101, 108, 110, 111, 114, 117, 119, 120, 121, 124, 125, 132, 134, 137, 141, 147, 148, 151, 154, 155, 157, 158, 165, 166, 171, 172, 174, 177, 183, 189, 190, 192, 193, 195, 196, 204, 206, 208, 212, 215, 218, 221, 223, 228, 229, 230, 231, 233, 234, 236, 237, 242, 244, 250, 251, 253, 260, 263, 265, 266, 269, 271, 272, 273, 275, 276, 277, 278, 285, 286, 288, 289, 290, 291, 296, 299, 300, 301, 303, 304, 306, 307, 308, 309, 312, 316, 317, 320, 323, 325, 327, 328, 329, 331, 332, 336, 348, 349, 351, 352, 355, 356, 359, 363, 366, 368, 370, 371, 376, 377, 378, 384, 386, 387, 388, 389, 397]


STANDARD + EVOL 2 (ADAPTIVE MUTATION)

Gerações: 1000
População: 100
Taxa de mutação: 1%

instância: kqbf020
time: 23.142 seg
(Gen. 34) BestSol = Solution: cost=[120.0], weight=[56.0], size=[8], elements=[2, 3, 4, 6, 11, 14, 15, 16]

instância: kqbf040
time: 70.034 seg
(Gen. 453) BestSol = Solution: cost=[308.0], weight=[138.0], size=[17], elements=[3, 4, 7, 9, 11, 15, 17, 21, 22, 23, 24, 28, 29, 32, 33, 34, 36]

instância: kqbf060
time: 169.269 seg
(Gen. 253) BestSol = Solution: cost=[479.0], weight=[221.0], size=[22], elements=[2, 4, 8, 14, 17, 23, 24, 26, 27, 29, 31, 32, 35, 38, 42, 44, 49, 50, 51, 52, 53, 56]

instância: kqbf080
time: 297.724 seg
(Gen. 141) BestSol = Solution: cost=[745.0], weight=[286.0], size=[29], elements=[2, 3, 4, 6, 7, 8, 10, 11, 13, 15, 16, 18, 21, 23, 24, 25, 30, 31, 36, 37, 42, 48, 49, 50, 54, 60, 61, 74, 75]

instância: kqbf100
time: 454.73 seg
(Gen. 450) BestSol = Solution: cost=[1252.0], weight=[346.0], size=[40], elements=[2, 3, 7, 10, 11, 14, 17, 18, 21, 22, 23, 24, 29, 32, 37, 38, 39, 42, 44, 47, 49, 51, 57, 62, 63, 64, 66, 68, 69, 71, 74, 78, 82, 84, 89, 90, 91, 93, 95, 96]

instância: kqbf200
time: 1804.007 seg
(Gen. 455) BestSol = Solution: cost=[3609.0], weight=[678.0], size=[83], elements=[1, 4, 5, 6, 7, 9, 11, 12, 15, 16, 17, 20, 21, 23, 24, 25, 26, 29, 30, 32, 34, 48, 49, 51, 53, 54, 56, 58, 63, 67, 68, 69, 70, 74, 77, 81, 82, 83, 84, 85, 88, 92, 93, 95, 97, 99, 101, 106, 108, 110, 111, 113, 117, 118, 119, 121, 123, 124, 126, 131, 134, 136, 141, 145, 147, 148, 154, 155, 157, 162, 164, 165, 166, 167, 170, 172, 174, 179, 183, 184, 193, 195, 196]

instância: kqbf400
time: Time = 1802.282 seg
(Gen. 57) BestSol = Solution: cost=[5462.0], weight=[1344.0], size=[153], elements=[1, 3, 4, 5, 6, 9, 10, 13, 14, 15, 17, 19, 20, 21, 25, 28, 30, 32, 34, 37, 38, 39, 43, 44, 47, 48, 49, 56, 60, 61, 62, 67, 68, 69, 70, 72, 74, 75, 76, 77, 81, 83, 88, 89, 92, 94, 95, 96, 98, 99, 101, 110, 112, 114, 116, 119, 120, 121, 123, 124, 125, 126, 128, 129, 132, 134, 138, 141, 144, 145, 146, 147, 148, 150, 152, 153, 154, 155, 157, 158, 159, 163, 164, 165, 166, 167, 171, 172, 173, 174, 175, 176, 177, 179, 182, 183, 184, 190, 193, 194, 195, 196, 197, 199, 204, 206, 208, 211, 213, 215, 225, 227, 228, 230, 231, 233, 235, 237, 239, 246, 247, 249, 251, 253, 255, 260, 276, 285, 288, 289, 291, 306, 307, 309, 320, 323, 324, 327, 328, 332, 335, 336, 337, 349, 351, 354, 361, 364, 366, 375, 382, 384, 391]


